[
    [
        [
            2.7000000000000006,
            5.000000000000033
        ],
        [
            116.10000000000001,
            5.000000000000033
        ]
    ],
    [
        [
            116.10000000000001,
            8.000000000000034
        ],
        [
            32.400000000000006,
            8.000000000000034
        ]
    ],
    [
        [
            37.800000000000004,
            2.000000000000033
        ],
        [
            2.7000000000000006,
            2.000000000000033
        ]
    ],
    [
        [
            2.7000000000000006,
            8.000000000000034
        ],
        [
            2.700156250000001,
            8.000000000000034
        ]
    ],
    [
        [
            2.7000000000000006,
            11.000000000000034
        ],
        [
            16.200000000000003,
            11.000000000000034
        ]
    ],
    [
        [
            16.200000000000003,
            14.000000000000034
        ],
        [
            10.800000000000002,
            14.000000000000034
        ]
    ],
    [
        [
            5.400000000000001,
            14.000000000000034
        ],
        [
            2.7000000000000006,
            14.000000000000034
        ]
    ],
    [
        [
            2.7000000000000006,
            17.000000000000036
        ],
        [
            21.600000000000005,
            17.000000000000036
        ]
    ],
    [
        [
            21.600000000000005,
            14.000000000000034
        ],
        [
            113.4,
            14.000000000000034
        ]
    ],
    [
        [
            116.10000000000001,
            11.000000000000034
        ],
        [
            24.300000000000004,
            11.000000000000034
        ]
    ],
    [
        [
            21.600000000000005,
            8.000000000000034
        ],
        [
            18.900000000000002,
            8.000000000000034
        ]
    ],
    [
        [
            13.500000000000002,
            8.000000000000034
        ],
        [
            10.800000000000002,
            8.000000000000034
        ]
    ],
    [
        [
            13.500000000000002,
            20.000000000000036
        ],
        [
            2.7000000000000006,
            20.000000000000036
        ]
    ],
    [
        [
            2.7000000000000006,
            23.000000000000032
        ],
        [
            75.60000000000007,
            23.000000000000032
        ]
    ],
    [
        [
            72.90000000000006,
            20.000000000000036
        ],
        [
            86.40000000000005,
            20.000000000000036
        ]
    ],
    [
        [
            91.80000000000004,
            20.000000000000036
        ],
        [
            113.4,
            20.000000000000036
        ]
    ],
    [
        [
            117.00000000000007,
            21.600000000000005
        ],
        [
            117.00000000000007,
            32.400000000000006
        ]
    ],
    [
        [
            114.00000000000007,
            32.400000000000006
        ],
        [
            114.00000000000007,
            24.300000000000004
        ]
    ],
    [
        [
            110.70000000000002,
            23.000000000000032
        ],
        [
            108.00000000000001,
            23.000000000000032
        ]
    ],
    [
        [
            105.00000000000004,
            24.300000000000004
        ],
        [
            105.00000000000004,
            24.300156250000004
        ]
    ],
    [
        [
            102.60000000000002,
            23.000000000000032
        ],
        [
            81.00000000000006,
            23.000000000000032
        ]
    ],
    [
        [
            81.00000000000006,
            26.000000000000032
        ],
        [
            91.80000000000004,
            26.000000000000032
        ]
    ],
    [
        [
            94.50000000000004,
            29.00000000000003
        ],
        [
            64.80000000000004,
            29.00000000000003
        ]
    ],
    [
        [
            67.50000000000004,
            26.000000000000032
        ],
        [
            70.20000000000006,
            26.000000000000032
        ]
    ],
    [
        [
            64.80000000000004,
            20.000000000000036
        ],
        [
            45.90000000000001,
            20.000000000000036
        ]
    ],
    [
        [
            48.600000000000016,
            17.000000000000036
        ],
        [
            32.400000000000006,
            17.000000000000036
        ]
    ],
    [
        [
            37.800000000000004,
            20.000000000000036
        ],
        [
            37.80015625000001,
            20.000000000000036
        ]
    ],
    [
        [
            37.800000000000004,
            26.000000000000032
        ],
        [
            2.7000000000000006,
            26.000000000000032
        ]
    ],
    [
        [
            2.7000000000000006,
            29.00000000000003
        ],
        [
            56.70000000000003,
            29.00000000000003
        ]
    ],
    [
        [
            56.70000000000003,
            26.000000000000032
        ],
        [
            56.70015625000003,
            26.000000000000032
        ]
    ],
    [
        [
            56.70000000000003,
            32.00000000000003
        ],
        [
            37.800000000000004,
            32.00000000000003
        ]
    ],
    [
        [
            37.800000000000004,
            35.00000000000002
        ],
        [
            2.7000000000000006,
            35.00000000000002
        ]
    ],
    [
        [
            2.7000000000000006,
            38.00000000000002
        ],
        [
            64.80000000000004,
            38.00000000000002
        ]
    ],
    [
        [
            64.80000000000004,
            41.00000000000002
        ],
        [
            54.00000000000003,
            41.00000000000002
        ]
    ],
    [
        [
            54.00000000000003,
            44.00000000000002
        ],
        [
            51.300000000000026,
            44.00000000000002
        ]
    ],
    [
        [
            48.60015625000001,
            41.00000000000002
        ],
        [
            48.600000000000016,
            41.00000000000002
        ]
    ],
    [
        [
            43.20000000000001,
            41.00000000000002
        ],
        [
            35.1,
            41.00000000000002
        ]
    ],
    [
        [
            29.700000000000006,
            41.00000000000002
        ],
        [
            27.000000000000004,
            41.00000000000002
        ]
    ],
    [
        [
            27.000000000000004,
            44.00000000000002
        ],
        [
            27.000156250000007,
            44.00000000000002
        ]
    ],
    [
        [
            21.600156250000005,
            44.00000000000002
        ],
        [
            21.600000000000005,
            44.00000000000002
        ]
    ],
    [
        [
            21.600000000000005,
            41.00000000000002
        ],
        [
            21.600156250000005,
            41.00000000000002
        ]
    ],
    [
        [
            21.00000000000002,
            48.600000000000016
        ],
        [
            21.00000000000002,
            51.300000000000026
        ]
    ],
    [
        [
            24.00000000000002,
            51.300000000000026
        ],
        [
            24.00000000000002,
            116.10000000000001
        ]
    ],
    [
        [
            27.000000000000018,
            118.8
        ],
        [
            27.000000000000018,
            91.80000000000004
        ]
    ],
    [
        [
            27.000000000000018,
            86.40000000000005
        ],
        [
            27.000000000000018,
            51.300000000000026
        ]
    ],
    [
        [
            30.000000000000018,
            51.300000000000026
        ],
        [
            30.000000000000018,
            124.19999999999999
        ]
    ],
    [
        [
            27.000000000000018,
            124.19999999999999
        ],
        [
            27.000000000000018,
            124.20015624999999
        ]
    ],
    [
        [
            33.000000000000014,
            124.19999999999999
        ],
        [
            33.000000000000014,
            54.00000000000003
        ]
    ],
    [
        [
            36.000000000000014,
            54.00000000000003
        ],
        [
            36.000000000000014,
            124.19999999999999
        ]
    ],
    [
        [
            39.00000000000001,
            124.19999999999999
        ],
        [
            39.00000000000001,
            51.300000000000026
        ]
    ],
    [
        [
            42.00000000000001,
            54.00000000000003
        ],
        [
            42.00000000000001,
            118.8
        ]
    ],
    [
        [
            45.00000000000001,
            116.10000000000001
        ],
        [
            45.00000000000001,
            54.00000000000003
        ]
    ],
    [
        [
            48.00000000000001,
            56.70000000000003
        ],
        [
            48.00000000000001,
            86.40000000000005
        ]
    ],
    [
        [
            54.0,
            83.70000000000006
        ],
        [
            54.0,
            62.100000000000044
        ]
    ],
    [
        [
            57.0,
            62.100000000000044
        ],
        [
            57.0,
            62.10015625000004
        ]
    ],
    [
        [
            51.0,
            56.70000000000003
        ],
        [
            51.0,
            94.50000000000004
        ]
    ],
    [
        [
            48.00000000000001,
            97.20000000000003
        ],
        [
            48.00000000000001,
            105.30000000000003
        ]
    ],
    [
        [
            51.0,
            105.30000000000003
        ],
        [
            51.0,
            102.60000000000002
        ]
    ],
    [
        [
            48.00000000000001,
            110.70000000000002
        ],
        [
            48.00000000000001,
            110.70015625
        ]
    ],
    [
        [
            21.00000000000002,
            108.00015625000002
        ],
        [
            21.00000000000002,
            108.00000000000001
        ]
    ],
    [
        [
            21.00000000000002,
            102.60000000000002
        ],
        [
            21.00000000000002,
            97.20000000000003
        ]
    ],
    [
        [
            21.00000000000002,
            91.80015625000004
        ],
        [
            21.00000000000002,
            91.80000000000004
        ]
    ],
    [
        [
            21.00000000000002,
            81.00000000000006
        ],
        [
            21.00000000000002,
            70.20000000000006
        ]
    ],
    [
        [
            21.00000000000002,
            64.80000000000004
        ],
        [
            21.00000000000002,
            56.70000000000003
        ]
    ],
    [
        [
            18.00000000000002,
            51.300000000000026
        ],
        [
            18.00000000000002,
            48.600000000000016
        ]
    ],
    [
        [
            16.200000000000003,
            50.000000000000014
        ],
        [
            8.100000000000001,
            50.000000000000014
        ]
    ],
    [
        [
            13.500000000000002,
            47.000000000000014
        ],
        [
            2.7000000000000006,
            47.000000000000014
        ]
    ],
    [
        [
            13.500000000000002,
            44.00000000000002
        ],
        [
            13.500156250000003,
            44.00000000000002
        ]
    ],
    [
        [
            2.7000000000000006,
            32.00000000000003
        ],
        [
            32.400000000000006,
            32.00000000000003
        ]
    ],
    [
        [
            43.20000000000001,
            35.00000000000002
        ],
        [
            72.90000000000006,
            35.00000000000002
        ]
    ],
    [
        [
            72.90000000000006,
            38.00000000000002
        ],
        [
            83.70000000000006,
            38.00000000000002
        ]
    ],
    [
        [
            86.40000000000005,
            35.00000000000002
        ],
        [
            78.30000000000007,
            35.00000000000002
        ]
    ],
    [
        [
            81.00000000000006,
            44.00000000000002
        ],
        [
            64.80000000000004,
            44.00000000000002
        ]
    ],
    [
        [
            70.20000000000006,
            41.00000000000002
        ],
        [
            94.50000000000004,
            41.00000000000002
        ]
    ],
    [
        [
            94.50000000000004,
            38.00000000000002
        ],
        [
            97.20000000000003,
            38.00000000000002
        ]
    ],
    [
        [
            97.20000000000003,
            35.00000000000002
        ],
        [
            97.20015625000003,
            35.00000000000002
        ]
    ],
    [
        [
            99.90000000000003,
            32.00000000000003
        ],
        [
            108.00000000000001,
            32.00000000000003
        ]
    ],
    [
        [
            111.00000000000006,
            32.400000000000006
        ],
        [
            111.00000000000006,
            29.700000000000006
        ]
    ],
    [
        [
            108.00000000000006,
            27.000156250000007
        ],
        [
            108.00000000000006,
            27.000000000000004
        ]
    ],
    [
        [
            110.70000000000002,
            38.00000000000002
        ],
        [
            113.4,
            38.00000000000002
        ]
    ],
    [
        [
            110.70000000000002,
            41.00000000000002
        ],
        [
            99.90000000000003,
            41.00000000000002
        ]
    ],
    [
        [
            99.90000000000003,
            44.00000000000002
        ],
        [
            116.10000000000001,
            44.00000000000002
        ]
    ],
    [
        [
            116.10000000000001,
            47.000000000000014
        ],
        [
            113.4,
            47.000000000000014
        ]
    ],
    [
        [
            91.80000000000004,
            44.00000000000002
        ],
        [
            89.10000000000005,
            44.00000000000002
        ]
    ],
    [
        [
            86.40015625000005,
            47.000000000000014
        ],
        [
            86.40000000000005,
            47.000000000000014
        ]
    ],
    [
        [
            89.10000000000005,
            32.00000000000003
        ],
        [
            89.10015625000004,
            32.00000000000003
        ]
    ],
    [
        [
            116.10000000000001,
            17.000000000000036
        ],
        [
            54.00000000000003,
            17.000000000000036
        ]
    ],
    [
        [
            43.200156250000006,
            26.000000000000032
        ],
        [
            43.20000000000001,
            26.000000000000032
        ]
    ],
    [
        [
            27.000000000000004,
            20.000000000000036
        ],
        [
            18.900000000000002,
            20.000000000000036
        ]
    ],
    [
        [
            43.20000000000001,
            2.000000000000033
        ],
        [
            116.10000000000001,
            2.000000000000033
        ]
    ],
    [
        [
            18.00000000000002,
            64.80000000000004
        ],
        [
            18.00000000000002,
            64.80015625000004
        ]
    ],
    [
        [
            18.00000000000002,
            75.60000000000007
        ],
        [
            18.00000000000002,
            75.60015625000005
        ]
    ]
]